01|4,4;3,1
01|4,4;24,1
01|10,4;25,1
02|4,1;11,2
02|31,1;27,10
02|32,1;28,10
02|35,1;33,10
02|38,1;7,10
03|7,2;9,1
10|11,2:4,4;12,1
10|11,2:10,4;13,1
10|11,3:27,5;14,1
10|11,3:28,5;15,1
10|11,2:4,3;16,1
10|11,2:10,3;17,1
10|11,3:27,4;18,1
10|11,3:28,4;19,1
10|11,3:7,3;1,1
10|8,1:11,1:10,1;2,4
10|11,4:4,5;20,1
10|11,4:10,6;21,1
10|11,3:27,6;22,1
10|11,2:28,6;23,1
11|27,10;31,1
11|28,10;32,1
11|10,10;29,1
11|4,10;30,1
11|33,10;35,1
11|7,10;38,1
11|11,2:33,5;36,3
11|11,2:34,2;36,3
11|7,8;37,1
13|9,5:8,4;5,1
13|5,5;6,1
09|26,1;27,1
09|4,1;34,1
